KDE RGB Palette
#
0 255 0 
0 247 0 
0 239 0 
0 231 0 
0 223 0 
0 215 0 
0 207 0 
0 199 0 
0 191 0 
255 200 0 
247 192 0 
239 184 0 
231 176 0 
223 168 0 
255 0 0 
231 0 0 
207 0 0 
183 0 0 
159 0 0 
0 0 255 
0 0 247 
0 0 239 
0 0 231 
0 0 223 
0 0 215 
0 0 207 
0 0 199 
0 0 191 
215 160 0 
207 152 0 
199 144 0 
191 136 0 
0 128 0 
0 120 0 
0 112 0 
0 104 0 
0 96 0 
192 192 192 
125 95 0 
117 87 0 
109 79 0 
101 71 0 
77 47 0 
69 39 0 
61 31 0 
53 23 0 
0 0 0 
16 16 16 
24 24 24 
32 32 32 
40 40 40 
48 48 48 
56 56 56 
64 64 64 
72 72 72 
183 128 0 
175 120 0 
167 112 0 
159 105 0 
